INSERT INTO Production
(product_id, recipe_id, station_id, leader_employee_id, bake_date, quantity_output)
VALUES
(2, 2, 2, 2, '2024-01-02', 1.111),
(3, 3, 3, 3, '2024-01-03', 2.222),
(4, 4, 4, 4, '2024-01-04', 3.333),
(5, 5, 5, 5, '2024-01-05', 4.444),
(6, 6, 6, 6, '2024-01-06', 5.555),
(7, 7, 7, 7, '2024-01-07', 6.666),
(8, 8, 8, 8, '2024-01-08', 7.777),
(9, 9, 9, 9, '2024-01-09', 8.888),
(10, 10, 10, 10, '2024-01-10', 9.999),
(11, 11, 11, 11, '2024-01-11', 11.110),
(12, 12, 12, 12, '2024-01-12', 12.221),
(13, 13, 13, 13, '2024-01-13', 13.332),
(14, 14, 14, 14, '2024-01-14', 14.443),
(15, 15, 15, 15, '2024-01-15', 15.554),
(16, 16, 16, 16, '2024-01-16', 16.665),
(17, 17, 1, 17, '2024-01-17', 17.776),
(18, 18, 2, 18, '2024-01-18', 18.887),
(19, 19, 3, 19, '2024-01-19', 19.998),
(20, 20, 4, 20, '2024-01-20', 21.109),
(21, 21, 5, 21, '2024-01-21', 22.220),
(22, 22, 6, 22, '2024-01-22', 23.331),
(23, 23, 7, 23, '2024-01-23', 24.442),
(24, 24, 8, 24, '2024-01-24', 25.553),
(25, 25, 9, 25, '2024-01-25', 26.664),
(26, 26, 10, 26, '2024-01-26', 27.775),
(27, 27, 11, 27, '2024-01-27', 28.886),
(28, 28, 12, 28, '2024-01-28', 29.997),
(29, 29, 13, 29, '2024-01-01', 31.108),
(30, 30, 14, 30, '2024-01-02', 32.219),
(31, 31, 15, 1, '2024-01-03', 33.330),
(32, 32, 16, 2, '2024-01-04', 34.441),
(33, 33, 1, 3, '2024-01-05', 35.552),
(34, 34, 2, 4, '2024-01-06', 36.663),
(35, 35, 3, 5, '2024-01-07', 37.774),
(36, 36, 4, 6, '2024-01-08', 38.885),
(37, 37, 5, 7, '2024-01-09', 39.996),
(38, 38, 6, 8, '2024-01-10', 41.107),
(39, 39, 7, 9, '2024-01-11', 42.218),
(1, 40, 8, 10, '2024-01-12', 43.329),
(2, 41, 9, 11, '2024-01-13', 44.440),
(3, 42, 10, 12, '2024-01-14', 45.551),
(4, 43, 11, 13, '2024-01-15', 46.662),
(5, 44, 12, 14, '2024-01-16', 47.773),
(6, 45, 13, 15, '2024-01-17', 48.884),
(7, 46, 14, 16, '2024-01-18', 49.995),
(8, 47, 15, 17, '2024-01-19', 51.106),
(9, 48, 16, 18, '2024-01-20', 52.217),
(10, 49, 1, 19, '2024-01-21', 53.328),
(11, 50, 2, 20, '2024-01-22', 54.439),
(12, 51, 3, 21, '2024-01-23', 55.550),
(13, 52, 4, 22, '2024-01-24', 56.661),
(14, 53, 5, 23, '2024-01-25', 57.772),
(15, 54, 6, 24, '2024-01-26', 58.883),
(16, 55, 7, 25, '2024-01-27', 59.994),
(17, 56, 8, 26, '2024-01-28', 61.105),
(18, 57, 9, 27, '2024-01-01', 62.216),
(19, 58, 10, 28, '2024-01-02', 63.327),
(20, 59, 11, 29, '2024-01-03', 64.438),
(21, 60, 12, 30, '2024-01-04', 65.549),
(22, 61, 13, 1, '2024-01-05', 66.660),
(23, 62, 14, 2, '2024-01-06', 67.771),
(24, 63, 15, 3, '2024-01-07', 68.882),
(25, 64, 16, 4, '2024-01-08', 69.993),
(26, 65, 1, 5, '2024-01-09', 71.104),
(27, 66, 2, 6, '2024-01-10', 72.215),
(28, 67, 3, 7, '2024-01-11', 73.326),
(29, 68, 4, 8, '2024-01-12', 74.437),
(30, 69, 5, 9, '2024-01-13', 75.548),
(31, 70, 6, 10, '2024-01-14', 76.659),
(32, 71, 7, 11, '2024-01-15', 77.770),
(33, 72, 8, 12, '2024-01-16', 78.881),
(34, 73, 9, 13, '2024-01-17', 79.992),
(35, 74, 10, 14, '2024-01-18', 81.103),
(36, 75, 11, 15, '2024-01-19', 82.214),
(37, 76, 12, 16, '2024-01-20', 83.325),
(38, 77, 13, 17, '2024-01-21', 84.436),
(39, 78, 14, 18, '2024-01-22', 85.547),
(1, 79, 15, 19, '2024-01-23', 86.658),
(2, 80, 16, 20, '2024-01-24', 87.769),
(3, 1, 1, 21, '2024-01-25', 88.880),
(4, 2, 2, 22, '2024-01-26', 89.991),
(5, 3, 3, 23, '2024-01-27', 91.102),
(6, 4, 4, 24, '2024-01-28', 92.213),
(7, 5, 5, 25, '2024-01-01', 93.324),
(8, 6, 6, 26, '2024-01-02', 94.435),
(9, 7, 7, 27, '2024-01-03', 95.546),
(10, 8, 8, 28, '2024-01-04', 96.657),
(11, 9, 9, 29, '2024-01-05', 97.768),
(12, 10, 10, 30, '2024-01-06', 98.879);
(13, 11, 11, 1, '2024-01-07', 99.990),
(14, 12, 12, 2, '2024-01-08', 101.101),
(15, 13, 13, 3, '2024-01-09', 102.212),
(16, 14, 14, 4, '2024-01-10', 103.323),
(17, 15, 15, 5, '2024-01-11', 104.434),
(18, 16, 16, 6, '2024-01-12', 105.545),
(19, 17, 1, 7, '2024-01-13', 106.656),
(20, 18, 2, 8, '2024-01-14', 107.767),
(21, 19, 3, 9, '2024-01-15', 108.878),
(22, 20, 4, 10, '2024-01-16', 109.989),
(23, 21, 5, 11, '2024-01-17', 111.100),
(24, 22, 6, 12, '2024-01-18', 112.211),
(25, 23, 7, 13, '2024-01-19', 113.322),
(26, 24, 8, 14, '2024-01-20', 114.433),
(27, 25, 9, 15, '2024-01-21', 115.544),
(28, 26, 10, 16, '2024-01-22', 116.655),
(29, 27, 11, 17, '2024-01-23', 117.766),
(30, 28, 12, 18, '2024-01-24', 118.877),
(31, 29, 13, 19, '2024-01-25', 119.988),
(32, 30, 14, 20, '2024-01-26', 121.099),
(33, 31, 15, 21, '2024-01-27', 122.210),
(34, 32, 16, 22, '2024-01-28', 123.321),
(35, 33, 1, 23, '2024-01-01', 124.432),
(36, 34, 2, 24, '2024-01-02', 125.543),
(37, 35, 3, 25, '2024-01-03', 126.654),
(38, 36, 4, 26, '2024-01-04', 127.765),
(39, 37, 5, 27, '2024-01-05', 128.876),
(1, 38, 6, 28, '2024-01-06', 129.987),
(2, 39, 7, 29, '2024-01-07', 131.098),
(3, 40, 8, 30, '2024-01-08', 132.209),
(4, 41, 9, 1, '2024-01-09', 133.320),
(5, 42, 10, 2, '2024-01-10', 134.431),
(6, 43, 11, 3, '2024-01-11', 135.542),
(7, 44, 12, 4, '2024-01-12', 136.653),
(8, 45, 13, 5, '2024-01-13', 137.764),
(9, 46, 14, 6, '2024-01-14', 138.875),
(10, 47, 15, 7, '2024-01-15', 139.986),
(11, 48, 16, 8, '2024-01-16', 141.097),
(12, 49, 1, 9, '2024-01-17', 142.208),
(13, 50, 2, 10, '2024-01-18', 143.319),
(14, 51, 3, 11, '2024-01-19', 144.430),
(15, 52, 4, 12, '2024-01-20', 145.541),
(16, 53, 5, 13, '2024-01-21', 146.652),
(17, 54, 6, 14, '2024-01-22', 147.763),
(18, 55, 7, 15, '2024-01-23', 148.874),
(19, 56, 8, 16, '2024-01-24', 149.985),
(20, 57, 9, 17, '2024-01-25', 151.096),
(21, 58, 10, 18, '2024-01-26', 152.207),
(22, 59, 11, 19, '2024-01-27', 153.318),
(23, 60, 12, 20, '2024-01-28', 154.429),
(24, 61, 13, 21, '2024-01-01', 155.540),
(25, 62, 14, 22, '2024-01-02', 156.651),
(26, 63, 15, 23, '2024-01-03', 157.762),
(27, 64, 16, 24, '2024-01-04', 158.873),
(28, 65, 1, 25, '2024-01-05', 159.984),
(29, 66, 2, 26, '2024-01-06', 161.095),
(30, 67, 3, 27, '2024-01-07', 162.206),
(31, 68, 4, 28, '2024-01-08', 163.317),
(32, 69, 5, 29, '2024-01-09', 164.428),
(33, 70, 6, 30, '2024-01-10', 165.539),
(34, 71, 7, 1, '2024-01-11', 166.650),
(35, 72, 8, 2, '2024-01-12', 167.761),
(36, 73, 9, 3, '2024-01-13', 168.872),
(37, 74, 10, 4, '2024-01-14', 169.983),
(38, 75, 11, 5, '2024-01-15', 171.094),
(39, 76, 12, 6, '2024-01-16', 172.205),
(1, 77, 13, 7, '2024-01-17', 173.316),
(2, 78, 14, 8, '2024-01-18', 174.427),
(3, 79, 15, 9, '2024-01-19', 175.538),
(4, 80, 16, 10, '2024-01-20', 176.649),
(5, 1, 1, 11, '2024-01-21', 177.760),
(6, 2, 2, 12, '2024-01-22', 178.871),
(7, 3, 3, 13, '2024-01-23', 179.982),
(8, 4, 4, 14, '2024-01-24', 181.093),
(9, 5, 5, 15, '2024-01-25', 182.204),
(10, 6, 6, 16, '2024-01-26', 183.315),
(11, 7, 7, 17, '2024-01-27', 184.426),
(12, 8, 8, 18, '2024-01-28', 185.537),
(13, 9, 9, 19, '2024-01-01', 186.648),
(14, 10, 10, 20, '2024-01-02', 187.759),
(15, 11, 11, 21, '2024-01-03', 188.870),
(16, 12, 12, 22, '2024-01-04', 189.981),
(17, 13, 13, 23, '2024-01-05', 191.092),
(18, 14, 14, 24, '2024-01-06', 192.203),
(19, 15, 15, 25, '2024-01-07', 193.314),
(20, 16, 16, 26, '2024-01-08', 194.425);
(21, 17, 1, 27, '2024-01-09', 195.536),
(22, 18, 2, 28, '2024-01-10', 196.647),
(23, 19, 3, 29, '2024-01-11', 197.758),
(24, 20, 4, 30, '2024-01-12', 198.869),
(25, 21, 5, 1, '2024-01-13', 199.980),
(26, 22, 6, 2, '2024-01-14', 201.091),
(27, 23, 7, 3, '2024-01-15', 202.202),
(28, 24, 8, 4, '2024-01-16', 203.313),
(29, 25, 9, 5, '2024-01-17', 204.424),
(30, 26, 10, 6, '2024-01-18', 205.535),
(31, 27, 11, 7, '2024-01-19', 206.646),
(32, 28, 12, 8, '2024-01-20', 207.757),
(33, 29, 13, 9, '2024-01-21', 208.868),
(34, 30, 14, 10, '2024-01-22', 209.979),
(35, 31, 15, 11, '2024-01-23', 211.090),
(36, 32, 16, 12, '2024-01-24', 212.201),
(37, 33, 1, 13, '2024-01-25', 213.312),
(38, 34, 2, 14, '2024-01-26', 214.423),
(39, 35, 3, 15, '2024-01-27', 215.534),
(1, 36, 4, 16, '2024-01-28', 216.645),
(2, 37, 5, 17, '2024-01-01', 217.756),
(3, 38, 6, 18, '2024-01-02', 218.867),
(4, 39, 7, 19, '2024-01-03', 219.978),
(5, 40, 8, 20, '2024-01-04', 221.089),
(6, 41, 9, 21, '2024-01-05', 222.200),
(7, 42, 10, 22, '2024-01-06', 223.311),
(8, 43, 11, 23, '2024-01-07', 224.422),
(9, 44, 12, 24, '2024-01-08', 225.533),
(10, 45, 13, 25, '2024-01-09', 226.644),
(11, 46, 14, 26, '2024-01-10', 227.755),
(12, 47, 15, 27, '2024-01-11', 228.866),
(13, 48, 16, 28, '2024-01-12', 229.977),
(14, 49, 1, 29, '2024-01-13', 231.088),
(15, 50, 2, 30, '2024-01-14', 232.199),
(16, 51, 3, 1, '2024-01-15', 233.310),
(17, 52, 4, 2, '2024-01-16', 234.421),
(18, 53, 5, 3, '2024-01-17', 235.532),
(19, 54, 6, 4, '2024-01-18', 236.643),
(20, 55, 7, 5, '2024-01-19', 237.754),
(21, 56, 8, 6, '2024-01-20', 238.865),
(22, 57, 9, 7, '2024-01-21', 239.976),
(23, 58, 10, 8, '2024-01-22', 241.087),
(24, 59, 11, 9, '2024-01-23', 242.198),
(25, 60, 12, 10, '2024-01-24', 243.309),
(26, 61, 13, 11, '2024-01-25', 244.420),
(27, 62, 14, 12, '2024-01-26', 245.531),
(28, 63, 15, 13, '2024-01-27', 246.642),
(29, 64, 16, 14, '2024-01-28', 247.753),
(30, 65, 1, 15, '2024-01-01', 248.864),
(31, 66, 2, 16, '2024-01-02', 249.975),
(32, 67, 3, 17, '2024-01-03', 251.086),
(33, 68, 4, 18, '2024-01-04', 252.197),
(34, 69, 5, 19, '2024-01-05', 253.308),
(35, 70, 6, 20, '2024-01-06', 254.419),
(36, 71, 7, 21, '2024-01-07', 255.530),
(37, 72, 8, 22, '2024-01-08', 256.641),
(38, 73, 9, 23, '2024-01-09', 257.752),
(39, 74, 10, 24, '2024-01-10', 258.863),
(1, 75, 11, 25, '2024-01-11', 259.974),
(2, 76, 12, 26, '2024-01-12', 261.085),
(3, 77, 13, 27, '2024-01-13', 262.196),
(4, 78, 14, 28, '2024-01-14', 263.307),
(5, 79, 15, 29, '2024-01-15', 264.418),
(6, 80, 16, 30, '2024-01-16', 265.529),
(7, 1, 1, 1, '2024-01-17', 266.640),
(8, 2, 2, 2, '2024-01-18', 267.751),
(9, 3, 3, 3, '2024-01-19', 268.862),
(10, 4, 4, 4, '2024-01-20', 269.973),
(11, 5, 5, 5, '2024-01-21', 271.084),
(12, 6, 6, 6, '2024-01-22', 272.195),
(13, 7, 7, 7, '2024-01-23', 273.306),
(14, 8, 8, 8, '2024-01-24', 274.417),
(15, 9, 9, 9, '2024-01-25', 275.528),
(16, 10, 10, 10, '2024-01-26', 276.639),
(17, 11, 11, 11, '2024-01-27', 277.750),
(18, 12, 12, 12, '2024-01-28', 278.861),
(19, 13, 13, 13, '2024-01-01', 279.972),
(20, 14, 14, 14, '2024-01-02', 281.083),
(21, 15, 15, 15, '2024-01-03', 282.194),
(22, 16, 16, 16, '2024-01-04', 283.305),
(23, 17, 1, 17, '2024-01-05', 284.416),
(24, 18, 2, 18, '2024-01-06', 285.527),
(25, 19, 3, 19, '2024-01-07', 286.638),
(26, 20, 4, 20, '2024-01-08', 287.749),
(27, 21, 5, 21, '2024-01-09', 288.860),
(28, 22, 6, 22, '2024-01-10', 289.971),
(29, 23, 7, 23, '2024-01-11', 291.082),
(30, 24, 8, 24, '2024-01-12', 292.193),
(31, 25, 9, 25, '2024-01-13', 293.304),
(32, 26, 10, 26, '2024-01-14', 294.415),
(33, 27, 11, 27, '2024-01-15', 295.526),
(34, 28, 12, 28, '2024-01-16', 296.637),
(35, 29, 13, 29, '2024-01-17', 297.748),
(36, 30, 14, 30, '2024-01-18', 298.859),
(37, 31, 15, 1, '2024-01-19', 299.970),
(38, 32, 16, 2, '2024-01-20', 301.081),
(39, 33, 1, 3, '2024-01-21', 302.192),
(1, 34, 2, 4, '2024-01-22', 303.303);
(2, 35, 3, 5, '2024-01-23', 304.414),
(3, 36, 4, 6, '2024-01-24', 305.525),
(4, 37, 5, 7, '2024-01-25', 306.636),
(5, 38, 6, 8, '2024-01-26', 307.747),
(6, 39, 7, 9, '2024-01-27', 308.858),
(7, 40, 8, 10, '2024-01-28', 309.969),
(8, 41, 9, 11, '2024-01-01', 311.080),
(9, 42, 10, 12, '2024-01-02', 312.191),
(10, 43, 11, 13, '2024-01-03', 313.302),
(11, 44, 12, 14, '2024-01-04', 314.413),
(12, 45, 13, 15, '2024-01-05', 315.524),
(13, 46, 14, 16, '2024-01-06', 316.635),
(14, 47, 15, 17, '2024-01-07', 317.746),
(15, 48, 16, 18, '2024-01-08', 318.857),
(16, 49, 1, 19, '2024-01-09', 319.968),
(17, 50, 2, 20, '2024-01-10', 321.079),
(18, 51, 3, 21, '2024-01-11', 322.190),
(19, 52, 4, 22, '2024-01-12', 323.301),
(20, 53, 5, 23, '2024-01-13', 324.412),
(21, 54, 6, 24, '2024-01-14', 325.523),
(22, 55, 7, 25, '2024-01-15', 326.634),
(23, 56, 8, 26, '2024-01-16', 327.745),
(24, 57, 9, 27, '2024-01-17', 328.856),
(25, 58, 10, 28, '2024-01-18', 329.967),
(26, 59, 11, 29, '2024-01-19', 331.078),
(27, 60, 12, 30, '2024-01-20', 332.189),
(28, 61, 13, 1, '2024-01-21', 333.300),
(29, 62, 14, 2, '2024-01-22', 334.411),
(30, 63, 15, 3, '2024-01-23', 335.522),
(31, 64, 16, 4, '2024-01-24', 336.633),
(32, 65, 1, 5, '2024-01-25', 337.744),
(33, 66, 2, 6, '2024-01-26', 338.855),
(34, 67, 3, 7, '2024-01-27', 339.966),
(35, 68, 4, 8, '2024-01-28', 341.077),
(36, 69, 5, 9, '2024-01-01', 342.188),
(37, 70, 6, 10, '2024-01-02', 343.299),
(38, 71, 7, 11, '2024-01-03', 344.410),
(39, 72, 8, 12, '2024-01-04', 345.521),
(1, 73, 9, 13, '2024-01-05', 346.632),
(2, 74, 10, 14, '2024-01-06', 347.743),
(3, 75, 11, 15, '2024-01-07', 348.854),
(4, 76, 12, 16, '2024-01-08', 349.965),
(5, 77, 13, 17, '2024-01-09', 351.076),
(6, 78, 14, 18, '2024-01-10', 352.187),
(7, 79, 15, 19, '2024-01-11', 353.298),
(8, 80, 16, 20, '2024-01-12', 354.409),
(9, 1, 1, 21, '2024-01-13', 355.520),
(10, 2, 2, 22, '2024-01-14', 356.631),
(11, 3, 3, 23, '2024-01-15', 357.742),
(12, 4, 4, 24, '2024-01-16', 358.853),
(13, 5, 5, 25, '2024-01-17', 359.964),
(14, 6, 6, 26, '2024-01-18', 361.075),
(15, 7, 7, 27, '2024-01-19', 362.186),
(16, 8, 8, 28, '2024-01-20', 363.297),
(17, 9, 9, 29, '2024-01-21', 364.408),
(18, 10, 10, 30, '2024-01-22', 365.519),
(19, 11, 11, 1, '2024-01-23', 366.630),
(20, 12, 12, 2, '2024-01-24', 367.741),
(21, 13, 13, 3, '2024-01-25', 368.852),
(22, 14, 14, 4, '2024-01-26', 369.963),
(23, 15, 15, 5, '2024-01-27', 371.074),
(24, 16, 16, 6, '2024-01-28', 372.185),
(25, 17, 1, 7, '2024-01-01', 373.296),
(26, 18, 2, 8, '2024-01-02', 374.407),
(27, 19, 3, 9, '2024-01-03', 375.518),
(28, 20, 4, 10, '2024-01-04', 376.629),
(29, 21, 5, 11, '2024-01-05', 377.740),
(30, 22, 6, 12, '2024-01-06', 378.851),
(31, 23, 7, 13, '2024-01-07', 379.962),
(32, 24, 8, 14, '2024-01-08', 381.073),
(33, 25, 9, 15, '2024-01-09', 382.184),
(34, 26, 10, 16, '2024-01-10', 383.295),
(35, 27, 11, 17, '2024-01-11', 384.406),
(36, 28, 12, 18, '2024-01-12', 385.517),
(37, 29, 13, 19, '2024-01-13', 386.628),
(38, 30, 14, 20, '2024-01-14', 387.739),
(39, 31, 15, 21, '2024-01-15', 388.850),
(1, 32, 16, 22, '2024-01-16', 389.961),
(2, 33, 1, 23, '2024-01-17', 391.072),
(3, 34, 2, 24, '2024-01-18', 392.183),
(4, 35, 3, 25, '2024-01-19', 393.294),
(5, 36, 4, 26, '2024-01-20', 394.405),
(6, 37, 5, 27, '2024-01-21', 395.516),
(7, 38, 6, 28, '2024-01-22', 396.627),
(8, 39, 7, 29, '2024-01-23', 397.738),
(9, 40, 8, 30, '2024-01-24', 398.849),
(10, 41, 9, 1, '2024-01-25', 399.960),
(11, 42, 10, 2, '2024-01-26', 401.071),
(12, 43, 11, 3, '2024-01-27', 402.182),
(13, 44, 12, 4, '2024-01-28', 403.293),
(14, 45, 13, 5, '2024-01-01', 404.404),
(15, 46, 14, 6, '2024-01-02', 405.515),
(16, 47, 15, 7, '2024-01-03', 406.626),
(17, 48, 16, 8, '2024-01-04', 407.737),
(18, 49, 1, 9, '2024-01-05', 408.848),
(19, 50, 2, 10, '2024-01-06', 409.959),
(20, 51, 3, 11, '2024-01-07', 411.070),
(21, 52, 4, 12, '2024-01-08', 412.181),
(22, 53, 5, 13, '2024-01-09', 413.292),
(23, 54, 6, 14, '2024-01-10', 414.403),
(24, 55, 7, 15, '2024-01-11', 415.514),
(25, 56, 8, 16, '2024-01-12', 416.625),
(26, 57, 9, 17, '2024-01-13', 417.736),
(27, 58, 10, 18, '2024-01-14', 418.847),
(28, 59, 11, 19, '2024-01-15', 419.958),
(29, 60, 12, 20, '2024-01-16', 421.069),
(30, 61, 13, 21, '2024-01-17', 422.180),
(31, 62, 14, 22, '2024-01-18', 423.291),
(32, 63, 15, 23, '2024-01-19', 424.402),
(33, 64, 16, 24, '2024-01-20', 425.513),
(34, 65, 1, 25, '2024-01-21', 426.624),
(35, 66, 2, 26, '2024-01-22', 427.735),
(36, 67, 3, 27, '2024-01-23', 428.846),
(37, 68, 4, 28, '2024-01-24', 429.957),
(38, 69, 5, 29, '2024-01-25', 431.068),
(39, 70, 6, 30, '2024-01-26', 432.179),
(1, 71, 7, 1, '2024-01-27', 433.290),
(2, 72, 8, 2, '2024-01-28', 434.401),
(3, 73, 9, 3, '2024-01-01', 435.512),
(4, 74, 10, 4, '2024-01-02', 436.623),
(5, 75, 11, 5, '2024-01-03', 437.734),
(6, 76, 12, 6, '2024-01-04', 438.845),
(7, 77, 13, 7, '2024-01-05', 439.956),
(8, 78, 14, 8, '2024-01-06', 441.067),
(9, 79, 15, 9, '2024-01-07', 442.178),
(11, 25, 4, 12, '2024-02-10', 55.432)
(10, 80, 16, 10, '2024-01-08', 443.289);

//עדכון העמודה שהוספנו של הID של המשמרת להיות משמרת שהתאריך אפייה הוא אותו תאריך של המשמרת
UPDATE Production p
SET shift_id = (
    SELECT s.shift_id
    FROM Shift s
    WHERE s.shift_date = p.bake_date
    ORDER BY random()
    LIMIT 1
);

